GBR_shannon,LWK_shannon,MXL_shannon,positions
0.011828547385774999,0.02915018977011973,0.00911523215907688,50504061
0.011828547385774999,0.02915018977011972,0.00911523215907688,50504321
0.011828547385774999,0.029074340063608987,0.009115232159076878,50504381
0.008386669782062792,0.025666533911798305,0.006357880325531183,50504412
0.008386669782062792,0.025666533911798305,0.006357880325531183,50504414
0.008386669782062792,0.02566653391179831,0.006357880325531183,50504433
0.009408422257695346,0.025994786312779287,0.006813926074339027,50504446
0.009408422257695346,0.02667283132533848,0.007020589028687426,50504530
0.009408422257695346,0.025782043102619633,0.007020589028687426,50504539
0.008061514199948853,0.023481615451940073,0.006529005904788209,50504542
0.008061514199948853,0.022283898410614483,0.00632234295043981,50504575
0.008061514199948851,0.02242681268826764,0.00632234295043981,50504578
0.009239143595223136,0.02275506508924862,0.0067783886992476535,50504581
0.009239143595223136,0.022548402134900225,0.0067783886992476535,50504592
0.00996037378819697,0.02561217136125151,0.007118478751981455,50504616
0.010116250707838701,0.025469257083598356,0.007118478751981455,50504643
0.010837480900812534,0.02786035206577011,0.00726139302963461,50504665
0.012609312410036901,0.03178177898022911,0.008327642403425171,50504672
0.012609312410036901,0.03043095704353942,0.008120979449076771,50504686
0.013030993605557727,0.03043095704353942,0.008120979449076773,50504695
0.01405274608119028,0.03063761999788782,0.008577025197884613,50504716
0.014052746081190282,0.0301929925278728,0.008577025197884613,50504745
0.015230375476464567,0.0328515362161844,0.009373028419290547,50504763
0.015154525769953832,0.03270862193853124,0.009230114141637392,50504792
0.015154525769953832,0.03270862193853124,0.00923011414163739,50504803
0.015154525769953832,0.03454656447992352,0.00962869534094744,50504816
0.015078676063443097,0.03454656447992352,0.00962869534094744,50504848
0.015078676063443095,0.03337468535850619,0.009422032386599043,50504869
0.015078676063443095,0.03282698437512809,0.009422032386599043,50504912
0.014922799143801364,0.03282698437512809,0.00934618268008831,50504922
0.014922799143801364,0.03282698437512809,0.00934618268008831,50504924
0.014922799143801364,0.03282698437512809,0.009346182680088308,50504927
0.014922799143801364,0.032902834081638827,0.00934618268008831,50504936
0.014922799143801364,0.03297868378814956,0.009489096957741465,50504947
0.014922799143801364,0.03297868378814956,0.009489096957741465,50504987
0.016426246637258887,0.03417640082947515,0.010865550397847482,50504994
0.020694486778458792,0.03693375266302085,0.013667008363812237,50505054
0.020694486778458792,0.03685790295651011,0.013667008363812237,50505077
0.021872116173733077,0.03930260578113554,0.01446301158521817,50505080
0.021872116173733077,0.03909594282678714,0.014387161878707436,50505081
0.021872116173733077,0.03959731885445325,0.014387161878707436,50505084
0.021872116173733077,0.039773987839346325,0.014593824833055834,50505091
0.021872116173733077,0.03969813813283559,0.014593824833055834,50505105
0.021872116173733077,0.0365046263757462,0.014025390752759775,50505117
0.021872116173733077,0.0365046263757462,0.014025390752759775,50505202
0.022473698383852405,0.03885045749005885,0.014168305030412928,50505255
0.022629575303494135,0.03885045749005885,0.014374967984761329,50505266
0.02262957530349414,0.03899337176771202,0.014374967984761327,50505282
0.02262957530349414,0.03788855721743711,0.01416830503041293,50505310
0.01881657843926712,0.03619274314933405,0.011968272088207277,50505337
0.018149385330518377,0.03394456244481545,0.01182535781055412,50505343
0.019327014725792666,0.034212820729385134,0.012281403559361964,50505346
0.02050464412106695,0.03710215102402559,0.013001557074257163,50505364
0.02050464412106695,0.03695923674637243,0.013001557074257163,50505366
0.02050464412106695,0.037850024969091275,0.013001557074257163,50505375
0.020580493827577685,0.03785002496909127,0.013001557074257163,50505386
0.020580493827577685,0.03805668792343967,0.013001557074257163,50505439
0.023452285360728933,0.03967665228503199,0.014867721503323434,50505478
0.0250619606208778,0.039676652285032,0.015502218904875808,50505487
0.0250619606208778,0.0422025271965956,0.015900800104185858,50505488
0.0250619606208778,0.0422025271965956,0.015900800104185858,50505506
0.024906083701236065,0.04205961291894244,0.015900800104185858,50505554
0.024906083701236065,0.04205961291894244,0.015900800104185858,50505567
0.024906083701236068,0.04394455565722379,0.015976649810696592,50505594
0.024906083701236068,0.04402040536373452,0.015976649810696592,50505616
0.0246869519825524,0.043813742409386125,0.015900800104185858,50505670
0.0246869519825524,0.04373789270287538,0.015757885826532703,50505671
0.02661151917531679,0.04234179358842362,0.01624946895043192,50505699
0.026535669468806054,0.04214938501036467,0.01624946895043192,50505725
0.026535669468806054,0.042149385010364665,0.016249468950431917,50505727
0.026535669468806054,0.04207353530385394,0.01624946895043192,50505734
0.02771329886408034,0.042401787704834916,0.016705514699239764,50505739
0.02771329886408034,0.04219512475048653,0.016705514699239764,50505755
0.02771329886408034,0.040404366650996434,0.016306933499929715,50505771
0.02771329886408034,0.03833316561093974,0.01590835230061967,50505774
0.027557421944438606,0.038409015317450466,0.015908352300619665,50505786
0.027557421944438606,0.03840901531745047,0.015908352300619665,50505887
0.02637979254916432,0.03808076291646949,0.015452306551811821,50505899
0.026379792549164324,0.03808076291646948,0.015452306551811824,50505910
0.02637979254916432,0.03808076291646948,0.015452306551811823,50505924
0.026379792549164324,0.03808076291646949,0.015452306551811823,50505944
0.026455642255675055,0.03808076291646949,0.015452306551811821,50505952
0.02645564225567506,0.038223677194122646,0.015452306551811824,50505971
0.026455642255675055,0.038223677194122646,0.015452306551811823,50505992
0.02645564225567506,0.038223677194122646,0.015595220829464978,50506028
0.02527801286040077,0.03789542479314166,0.015139175080657135,50506032
0.025278012860400774,0.03721737978058247,0.014932512126308736,50506038
0.02527801286040077,0.03721737978058247,0.014932512126308736,50506051
0.025278012860400774,0.038564287838328964,0.015069970449928326,50506058
0.02527801286040077,0.0386401375448397,0.015069970449928326,50506062
0.0256996940559216,0.04070641248002947,0.015526016198736168,50506063
0.02459791436715805,0.04045400978555923,0.015069970449928326,50506089
0.02459791436715805,0.04045400978555923,0.015069970449928326,50506096
0.024032561093825944,0.03746609026571868,0.014729880397194523,50506100
0.02395253388069495,0.037609004543371835,0.014729880397194525,50506207
0.023231303687721114,0.03521790956120008,0.014586966119541368,50506232
0.022412688646063578,0.03208186314435186,0.014089150826046865,50506245
0.022412688646063574,0.031938948866698694,0.014089150826046865,50506248
0.02199100745054275,0.031938948866698694,0.014089150826046865,50506274
0.020813378055268467,0.03173228591235029,0.01363310507723902,50506302
0.022585209564492836,0.03200054419691997,0.015309835058038587,50506390
0.02140758016921855,0.029199086230955226,0.014513831836632655,50506435
0.02140758016921855,0.029199086230955226,0.014513831836632655,50506469
0.02140758016921855,0.029199086230955226,0.014513831836632655,50506490
0.02140758016921855,0.027567806643911355,0.014115250637322605,50506495
0.02140758016921855,0.02756780664391135,0.01425816491497576,50506532
0.022308813560478407,0.02749195693740062,0.015324414288766321,50506538
0.023870336762820913,0.030738478318429303,0.01700114426956589,50506591
0.024026213682462643,0.03094514127277771,0.017076993976076624,50506620
0.024026213682462643,0.031088055550430857,0.01715284368258736,50506690
0.024026213682462643,0.0311639052569416,0.01715284368258736,50506694
0.02674819714157651,0.033112944062138897,0.018971934858344287,50506737
0.02674819714157651,0.03303709435562817,0.018829020580691132,50506742
0.026967328860260174,0.03303709435562816,0.018829020580691132,50506752
0.02546388136680265,0.03183937731430258,0.01745256714058511,50506827
0.02237327062087703,0.029468995983348744,0.01504969037393041,50506835
0.02237327062087703,0.02946899598334874,0.01504969037393041,50507049
0.02119564122560275,0.026579665688708294,0.014253687152524477,50507091
0.021195641225602746,0.026579665688708294,0.014253687152524477,50507137
0.021351518145244476,0.02607828966104218,0.014253687152524477,50507168
0.021351518145244476,0.025400244648482992,0.014047024198176078,50507228
0.021351518145244476,0.025400244648482992,0.014047024198176078,50507249
0.021351518145244476,0.025400244648482992,0.014047024198176076,50507252
0.021351518145244476,0.025543158926136147,0.014047024198176078,50507268
0.02192756533039943,0.02352558021280448,0.014360155669330764,50507319
0.021927565330399433,0.02352558021280448,0.014153492714982365,50507339
0.021927565330399433,0.024220973618697402,0.014153492714982363,50507370
0.021927565330399433,0.024810032106411722,0.014153492714982367,50507474
0.02192756533039943,0.024810032106411722,0.014153492714982363,50507483
0.021927565330399433,0.024667117828758564,0.014153492714982365,50507504
0.020749935935125148,0.024900235571854997,0.013697446966174521,50507530
0.019572306539850863,0.022010905277214547,0.012901443744768589,50507626
0.019572306539850863,0.022010905277214547,0.012901443744768589,50507650
0.019572306539850863,0.021120117054495704,0.012901443744768587,50507665
0.01949645683334013,0.021120117054495704,0.012901443744768587,50507667
0.01949645683334013,0.020989303806658036,0.012901443744768589,50507675
0.016624665300188884,0.019293489738554978,0.011035279315702319,50507708
0.015090839746550748,0.019217640032044243,0.010400781914149945,50507713
0.01509083974655075,0.016548850842827492,0.010002200714839895,50507771
0.01509083974655075,0.016548850842827496,0.010002200714839895,50507772
0.015166689453061485,0.016548850842827492,0.010002200714839897,50507856
0.015166689453061483,0.016548850842827496,0.010002200714839895,50507913
0.015166689453061485,0.014663908104546137,0.00992635100832916,50507919
0.015166689453061485,0.014588058398035404,0.00992635100832916,50507934
0.015166689453061485,0.014588058398035404,0.009926351008329162,50507948
0.015166689453061483,0.014663908104546139,0.00992635100832916,50507956
0.013086245340655365,0.014663908104546137,0.009291853606776788,50507968
0.013086245340655365,0.014588058398035404,0.009291853606776788,50508013
0.013086245340655365,0.014588058398035404,0.009291853606776788,50508018
0.013086245340655365,0.014588058398035404,0.009291853606776788,50508020
0.01190861594538108,0.01425980599705442,0.008835807857968945,50508021
0.01190861594538108,0.014259805997054422,0.008978722135622098,50508037
0.01190861594538108,0.01425980599705442,0.008978722135622098,50508092
0.01190861594538108,0.014335655703565157,0.008978722135622098,50508128
0.01190861594538108,0.01425980599705442,0.0089787221356221,50508147
0.012575809054129819,0.014259805997054422,0.009054571842132833,50508159
0.012575809054129819,0.01425980599705442,0.009054571842132833,50508189
0.012651658760640554,0.014259805997054422,0.009197486119785988,50508201
0.012651658760640554,0.01425980599705442,0.00919748611978599,50508202
0.012651658760640554,0.014259805997054422,0.00919748611978599,50508234
0.012575809054129819,0.014335655703565155,0.00919748611978599,50508234
0.012575809054129819,0.014192741425912,0.00919748611978599,50508236
0.013813558782575844,0.014399404380260399,0.009477858721058736,50508236
0.013889408489086581,0.0143994043802604,0.009334944443405581,50508269
0.01388940848908658,0.014399404380260397,0.009410794149916316,50508279
0.013889408489086581,0.014399404380260399,0.009410794149916316,50508281
0.01388940848908658,0.014399404380260399,0.009410794149916316,50508301
0.013889408489086581,0.013052496322513905,0.00913042154864357,50508327
0.01388940848908658,0.01297664661600317,0.009206271255154304,50508466
0.013467727293565756,0.010767457403160242,0.008750225506346462,50508474
0.01339187758705502,0.01076745740316024,0.008750225506346462,50508527
0.013391877587055019,0.010843307109670974,0.008750225506346462,50508536
0.013236000667413289,0.010767457403160239,0.009090315559080263,50508687
0.013160150960902554,0.010624543125507084,0.009430405611814064,50508767
0.01337928267958622,0.010624543125507084,0.009506255318324799,50508800
0.012426066212019391,0.009839162627896306,0.008937821238028741,50508864
0.012645197930703057,0.009839162627896306,0.009013670944539474,50508869
0.012937624472176229,0.009839162627896306,0.009156585222192629,50508916
0.014115253867450514,0.010045825582244703,0.009612630971000471,50508919
0.012343422358226146,0.009777567297675021,0.007935900990200907,50508926
0.01656243256907467,0.012884684740142828,0.010833994056722836,50508985
0.01656243256907467,0.012884684740142828,0.010833994056722836,50509002
0.01656243256907467,0.012884684740142828,0.010833994056722836,50509007
0.01656243256907467,0.012678021785794427,0.010833994056722836,50509027
0.016562432569074675,0.012678021785794427,0.010691079779069681,50509032
0.015661199177814823,0.012753871492305164,0.00962483040527912,50509048
0.014099675975472313,0.009431500404765737,0.007948100424479552,50509112
0.013943799055830581,0.009300687156928071,0.007872250717968817,50509117
0.013943799055830583,0.009157772879274917,0.007872250717968819,50509143
0.013943799055830581,0.009157772879274918,0.007872250717968817,50509171
0.011221815596716714,0.008626620581909723,0.006053159542211889,50509182
0.011221815596716716,0.008769534859562878,0.006053159542211888,50509243
0.011221815596716716,0.008769534859562878,0.0062598224965602885,50509254
0.011221815596716716,0.008769534859562878,0.006259822496560287,50509266
0.010044186201442432,0.008458414063481755,0.005861241297250239,50509283
0.010044186201442432,0.00853426376999249,0.005861241297250239,50509289
0.010263317920126096,0.008802522054562174,0.0059370910037609735,50509314
0.010263317920126098,0.008802522054562174,0.0059370910037609735,50509330
0.010107441000484364,0.008802522054562176,0.006012940710271708,50509429
0.0101832907069951,0.008802522054562174,0.006012940710271707,50509488
0.010183290706995099,0.008802522054562174,0.006012940710271707,50509620
0.010183290706995099,0.008802522054562174,0.006012940710271707,50509680
0.010183290706995099,0.00865960777690902,0.006012940710271708,50509720
0.00908151101823155,0.008331355375928036,0.005556894961463865,50509740
0.008925634098589819,0.008331355375928036,0.005556894961463865,50509748
0.008925634098589819,0.007493047692381958,0.005556894961463864,50509769
0.008925634098589819,0.006761074927014485,0.005632744667974599,50509788
0.008925634098589819,0.0068369246335252196,0.005708594374485333,50509881
0.008925634098589819,0.006836924633525219,0.005708594374485333,50509888
0.008925634098589819,0.0064113983123698405,0.005708594374485333,50509890
0.008925634098589819,0.006411398312369842,0.005851508652138489,50509927
0.008925634098589819,0.0064113983123698405,0.005851508652138489,50509962
0.008925634098589819,0.006411398312369841,0.005851508652138489,50509971
0.008925634098589819,0.0064113983123698405,0.005851508652138489,50509972
0.008925634098589819,0.0063355486058591075,0.005851508652138489,50509987
0.008925634098589819,0.006335548605859106,0.005851508652138489,50509991
0.008849784392079084,0.006335548605859107,0.005851508652138489,50510070
0.008849784392079084,0.006335548605859106,0.005851508652138489,50510072
0.008849784392079084,0.006335548605859107,0.005851508652138489,50510075
0.00877393468556835,0.0064113983123698405,0.005927358358649224,50510150
0.00877393468556835,0.006411398312369841,0.005927358358649224,50510182
0.00877393468556835,0.0064113983123698405,0.005927358358649224,50510188
0.009066361227041521,0.00930072860701029,0.006383404107457067,50510195
0.009066361227041521,0.00930072860701029,0.006383404107457067,50510210
0.010243990622315806,0.009553131301480538,0.006839449856264911,50510220
0.010243990622315806,0.009553131301480538,0.006839449856264911,50510223
0.010243990622315806,0.009628981007991273,0.006839449856264911,50510262
0.010243990622315806,0.009704830714502007,0.006839449856264911,50510353
0.010243990622315806,0.009704830714502007,0.006839449856264911,50510384
0.010243990622315806,0.009780680421012742,0.006839449856264911,50510458
0.013634739237487568,0.01249381005089487,0.009177751418191552,50510460
0.013634739237487566,0.01249381005089487,0.009177751418191552,50510513
0.013634739237487566,0.01249381005089487,0.009177751418191552,50510535
0.013634739237487566,0.01249381005089487,0.009177751418191552,50510623
0.012967546128738827,0.01249381005089487,0.009101901711680817,50510669
0.012967546128738829,0.013279190548505649,0.009101901711680817,50510745
0.016282445037399854,0.015903518811935115,0.011395209697285219,50510797
0.016282445037399854,0.015903518811935115,0.011395209697285219,50510807
0.01628244503739985,0.015903518811935115,0.011395209697285219,50510817
0.016282445037399854,0.015970583383077535,0.011471059403795954,50510841
0.016949638146148593,0.01604643308958827,0.011546909110306688,50510851
0.015711888417702564,0.016571742900607346,0.011266536509033942,50510868
0.01563603871119183,0.01664759260711808,0.011266536509033942,50510944
0.01563603871119183,0.01664759260711808,0.01119068680252321,50510947
0.015636038711191833,0.01664759260711808,0.01119068680252321,50510954
0.015711888417702564,0.01664759260711808,0.01119068680252321,50510967
0.015711888417702564,0.01664759260711808,0.01119068680252321,50510978
0.015711888417702567,0.01685425556146648,0.011114837096012475,50510988
0.015711888417702567,0.01699716983911963,0.01119068680252321,50510992
0.015711888417702564,0.0171279830869573,0.01119068680252321,50510995
0.015711888417702564,0.017052133380446564,0.01119068680252321,50511004
0.015711888417702567,0.017052133380446564,0.010850596749789406,50511032
0.015711888417702567,0.01705213338044656,0.010510506697055604,50511036
0.015492756699018902,0.017052133380446564,0.010434656990544869,50511048
0.015492756699018902,0.017052133380446564,0.01043465699054487,50511065
0.015273624980335236,0.017052133380446564,0.010358807284034134,50511067
0.014981198438862064,0.0171279830869573,0.01021589300638098,50511068
0.013803569043587779,0.0169213201326089,0.009759847257573137,50511079
0.013803569043587779,0.0169213201326089,0.009759847257573137,50511098
0.00958455883273925,0.013814202690141093,0.006861754191051207,50511152
0.00958455883273925,0.013890052396651828,0.0068617541910512055,50511189
0.00958455883273925,0.013890052396651828,0.006861754191051206,50511193
0.00958455883273925,0.013890052396651828,0.006861754191051207,50511312
0.00958455883273925,0.013890052396651828,0.006861754191051207,50511382
0.00958455883273925,0.013814202690141093,0.0068617541910512055,50511446
0.012065774672319049,0.016571554523686787,0.00818891309434558,50511492
0.01266735688243838,0.01875058626387364,0.008331827371998737,50511512
0.01266735688243838,0.019251962291539755,0.008255977665488003,50511514
0.01697654462436869,0.023802363661636582,0.012035503427128964,50511526
0.01697654462436869,0.02230862744729373,0.012035503427128964,50511527
0.01697654462436869,0.022372376123988975,0.012035503427128965,50511532
0.016757412905685023,0.022372376123988975,0.011828840472780565,50511534
0.016757412905685023,0.022372376123988975,0.011828840472780565,50511539
0.016757412905685023,0.022296526417478243,0.011828840472780565,50511540
0.016757412905685023,0.022220676710967505,0.011828840472780565,50511545
0.016538281187001354,0.021952418426397825,0.01175299076626983,50511546
0.01675741290568502,0.02195241842639782,0.01175299076626983,50511549
0.016757412905685023,0.021952418426397825,0.011677141059759095,50511554
0.016681563199174288,0.021952418426397825,0.011677141059759095,50511625
0.016681563199174285,0.021952418426397825,0.011677141059759095,50511698
0.016681563199174285,0.02195241842639782,0.011677141059759095,50511746
0.016681563199174288,0.021952418426397825,0.011677141059759095,50511747
0.016605713492663553,0.021952418426397825,0.011677141059759095,50511764
0.01660571349266355,0.021952418426397825,0.011677141059759095,50511790
0.016605713492663553,0.02195241842639782,0.011677141059759095,50511806
0.016605713492663553,0.021952418426397825,0.01160129135324836,50511807
0.016605713492663553,0.02187656871988709,0.011525441646737626,50511841
0.01660571349266355,0.02187656871988709,0.011668355924390781,50511882
0.016605713492663553,0.021800719013376355,0.011668355924390781,50511999
0.016605713492663553,0.022128971414357337,0.01160129135324836,50512014
0.016605713492663553,0.022271885692010492,0.01160129135324836,50512022
0.01660571349266355,0.02247854864635889,0.01160129135324836,50512078
0.016605713492663553,0.02247854864635889,0.01160129135324836,50512128
0.016605713492663553,0.02247854864635889,0.01160129135324836,50512135
0.016605713492663553,0.02247854864635889,0.011601291353248363,50512202
0.01660571349266355,0.02247854864635889,0.011601291353248363,50512223
0.016605713492663553,0.02247854864635889,0.01160129135324836,50512229
0.016605713492663553,0.022478548646358894,0.01160129135324836,50512278
0.016605713492663553,0.022402698939848156,0.011525441646737628,50512297
0.01660571349266355,0.022402698939848156,0.011525441646737628,50512298
0.016605713492663553,0.022402698939848156,0.011525441646737626,50512371
0.01631328695119038,0.01951336864520771,0.011069395897929784,50512386
0.01631328695119038,0.01951336864520771,0.011069395897929784,50512438
0.015135657555916095,0.019185116244226724,0.010613350149121941,50512549
0.015135657555916096,0.019185116244226724,0.010613350149121941,50512557
0.015135657555916095,0.01910926653771599,0.010613350149121941,50512576
0.015135657555916095,0.019924205053924098,0.01101193134843199,50512660
0.015135657555916095,0.019924205053924098,0.01101193134843199,50512718
0.015135657555916096,0.019848355347413367,0.01101193134843199,50512721
0.011744908940744335,0.017135225717531236,0.008530715508852192,50512729
0.011744908940744335,0.01713522571753124,0.008530715508852192,50512746
0.011744908940744335,0.017059376011020505,0.008530715508852192,50512912
0.011744908940744335,0.01713522571753124,0.008530715508852192,50512918
0.011744908940744335,0.01713522571753124,0.00853071550885219,50512990
0.011744908940744335,0.01634984521992046,0.00853071550885219,50512991
0.008354160325572575,0.013868431234144149,0.006094493245594634,50512996
0.008354160325572575,0.013868431234144149,0.006094493245594635,50513034
0.008354160325572575,0.013868431234144149,0.0063748658468673804,50513062
0.008354160325572575,0.013725516956490992,0.006299016140356646,50513086
0.007686967216823836,0.013725516956490994,0.006223166433845911,50513167
0.007686967216823836,0.01299354419112352,0.006223166433845912,50513181
0.007686967216823836,0.012917694484612784,0.006223166433845912,50513244
0.007686967216823836,0.012917694484612786,0.006223166433845911,50513245
0.007686967216823836,0.012917694484612786,0.006223166433845911,50513307
0.007611117510313101,0.012917694484612786,0.006223166433845911,50513313
0.007611117510313101,0.012917694484612784,0.006223166433845911,50513391
0.007611117510313101,0.012711031530264386,0.006223166433845911,50513404
0.008212699720432433,0.015325469086156927,0.0064276893286079224,50513416
0.008212699720432433,0.015118806131808528,0.0064276893286079224,50513443
0.008212699720432433,0.015194655838319263,0.0064276893286079224,50513445
0.008212699720432433,0.015194655838319263,0.006427689328607923,50513448
0.008212699720432433,0.015194655838319263,0.0064276893286079224,50513483
0.009339894616781797,0.015194655838319263,0.007998860425231864,50513496
0.009339894616781797,0.015194655838319263,0.007998860425231864,50513552
0.00941574432329253,0.01519465583831926,0.007998860425231864,50513696
0.010082937432041271,0.017698550649056215,0.008205523379580262,50513734
0.01008293743204127,0.017698550649056215,0.008205523379580262,50513793
0.01008293743204127,0.017698550649056212,0.008205523379580262,50513815
0.01008293743204127,0.017698550649056212,0.008205523379580262,50513817
0.010158787138552006,0.01762270094254548,0.008205523379580262,50513842
0.010158787138552004,0.01762270094254548,0.008205523379580262,50513859
0.010158787138552004,0.017622700942545477,0.008205523379580262,50513958
0.010158787138552004,0.017698550649056212,0.008205523379580262,50513963
0.010158787138552004,0.017698550649056215,0.008281373086090997,50513998
0.007677571298972206,0.01494119881551052,0.0069542141827966236,50514032
0.009850997185296978,0.014571260107094286,0.009011332847349122,50514037
0.009850997185296976,0.015416792137174666,0.009409914046659171,50514038
0.005541809443366669,0.010790541060567108,0.005630388285018208,50514102
0.005541809443366669,0.010790541060567108,0.005630388285018207,50514141
0.006669004339716033,0.012126078867983508,0.006426391506424141,50514143
0.006669004339716034,0.012126078867983508,0.006426391506424141,50514153
0.006669004339716033,0.012126078867983508,0.006426391506424141,50514163
0.006669004339716033,0.012332741822331907,0.006426391506424142,50514175
0.006888136058399698,0.012956292512220738,0.00848834304046357,50514188
0.006888136058399699,0.012956292512220738,0.00848834304046357,50514301
0.006888136058399698,0.012956292512220738,0.008488343040463569,50514305
0.006888136058399698,0.012956292512220738,0.00848834304046357,50514306
0.00704401297804143,0.012956292512220736,0.008564192746974305,50514355
0.007711206086790168,0.012956292512220738,0.008962773946284355,50514419
0.007711206086790168,0.013400919982235755,0.008962773946284353,50514422
0.007711206086790168,0.013543834259888914,0.008962773946284355,50514448
0.007711206086790168,0.01375049721423731,0.008962773946284355,50514483
0.007711206086790168,0.013893411491890467,0.008962773946284355,50514541
0.007711206086790168,0.013893411491890465,0.008962773946284353,50514560
0.007711206086790168,0.014036325769543622,0.008962773946284355,50514572
0.0078670830064319,0.01403632576954362,0.008962773946284353,50514631
0.0078670830064319,0.014036325769543622,0.008819859668631198,50514651
0.0078670830064319,0.014036325769543622,0.008819859668631198,50514674
0.0078670830064319,0.01370807336856264,0.008744009962120464,50514686
0.0078670830064319,0.014066535118575597,0.008819859668631198,50514800
0.0078670830064319,0.013859872164227198,0.008819859668631198,50514830
0.0078670830064319,0.013859872164227198,0.008819859668631198,50514845
0.0078670830064319,0.013859872164227198,0.008819859668631198,50514853
0.0078670830064319,0.013859872164227198,0.008819859668631198,50514890
0.0078670830064319,0.013859872164227198,0.008819859668631198,50514942
0.0078670830064319,0.014002786441880353,0.008819859668631198,50515023
0.0078670830064319,0.014002786441880355,0.008819859668631198,50515095
0.0078670830064319,0.014002786441880353,0.008819859668631198,50515121
0.0078670830064319,0.014002786441880355,0.008819859668631198,50515141
0.0078670830064319,0.014002786441880355,0.008819859668631198,50515212
0.0078670830064319,0.014002786441880355,0.008819859668631198,50515215
0.0078670830064319,0.014002786441880353,0.008819859668631198,50515272
0.0078670830064319,0.014002786441880355,0.008819859668631198,50515404
0.0078670830064319,0.01414570071953351,0.008895709375141933,50515431
0.0078670830064319,0.01414570071953351,0.008895709375141933,50515436
0.0078670830064319,0.01460182055456116,0.008895709375141933,50515448
0.0078670830064319,0.01579953759588675,0.009235799427875734,50515456
0.0078670830064319,0.01579953759588675,0.009235799427875734,50515458
0.0078670830064319,0.01579953759588675,0.009235799427875734,50515459
0.0078670830064319,0.01579953759588675,0.009235799427875734,50515465
0.0078670830064319,0.015875387302397487,0.009235799427875734,50515471
0.0078670830064319,0.01579953759588675,0.009235799427875734,50515485
0.012225316212313748,0.02018225641758752,0.012446542565628509,50515490
0.012225316212313748,0.02018225641758752,0.01313541684816796,50515497
0.013786839414656256,0.020039342139934364,0.013878111407504513,50515558
0.013786839414656256,0.020039342139934364,0.013878111407504513,50515565
0.013786839414656256,0.02003934213993436,0.013597738806231767,50515571
0.013786839414656256,0.02003934213993436,0.013597738806231767,50515586
0.013786839414656256,0.020039342139934364,0.013597738806231767,50515588
0.013786839414656254,0.020182256417587516,0.013673588512742502,50515592
0.013786839414656256,0.020388919371935918,0.013673588512742503,50515597
0.013786839414656254,0.020388919371935914,0.013673588512742503,50515603
0.013786839414656256,0.020388919371935918,0.013673588512742505,50515607
0.013786839414656254,0.020388919371935914,0.013673588512742503,50515613
0.013786839414656256,0.021833958003416424,0.014072169712052555,50515617
0.013786839414656254,0.02183395800341642,0.014072169712052553,50515632
0.013185257204536924,0.01915245587638146,0.013791797110779809,50515638
0.013185257204536924,0.01915245587638146,0.013791797110779807,50515642
0.013185257204536924,0.019076606169870728,0.013791797110779807,50515647
0.013185257204536924,0.019076606169870728,0.013791797110779809,50515657
0.013185257204536924,0.019152455876381463,0.013791797110779809,50515659
0.01205806230818756,0.01915245587638146,0.012220626014155866,50515661
0.01205806230818756,0.020548554990833225,0.012619207213465915,50515675
0.011982212601676825,0.020755217945181627,0.012619207213465917,50515685
0.011315019492928086,0.01817547342793394,0.012412544259117517,50515686
0.012492648888202371,0.018382136382282338,0.01286859000792536,50515688
0.012492648888202371,0.018382136382282338,0.01286859000792536,50515691
0.012492648888202373,0.018382136382282338,0.01286859000792536,50515718
0.015235867570873453,0.01947891793767217,0.014884196346087899,50515767
0.015235867570873453,0.019980293965338285,0.014884196346087899,50515803
0.015235867570873453,0.019980293965338285,0.014884196346087897,50515854
0.015235867570873455,0.01990444425882755,0.014884196346087899,50515925
0.015235867570873453,0.019980293965338285,0.014808346639577166,50515935
0.015235867570873453,0.019980293965338285,0.014808346639577164,50515936
0.012460859474429351,0.01865268159455071,0.01281497665171991,50515962
0.01407053473457822,0.017305773536804216,0.014140775231288275,50516024
0.01407053473457822,0.017305773536804216,0.014140775231288276,50516127
0.014070534734578219,0.017305773536804216,0.014140775231288275,50516130
0.012943339838228854,0.015970235729387813,0.013344772009882343,50516147
0.012943339838228856,0.016471611757053927,0.013344772009882341,50516151
0.012943339838228856,0.016471611757053927,0.013344772009882341,50516182
0.012943339838228854,0.016264948802705532,0.013344772009882343,50516206
0.01272420811954519,0.015641398112816698,0.011282820475842914,50516224
0.012724208119545192,0.015641398112816698,0.011282820475842914,50516256
0.012505076400861527,0.015641398112816698,0.011282820475842913,50516288
0.012505076400861527,0.015641398112816698,0.011282820475842913,50516310
0.012349199481219793,0.015641398112816698,0.011282820475842914,50516325
0.011682006372471057,0.015641398112816698,0.010884239276532865,50516339
0.011682006372471056,0.015196770642801677,0.01102715355418602,50516340
0.011682006372471056,0.015053856365148523,0.01102715355418602,50516395
0.012349199481219795,0.016825604345928172,0.011367243606919823,50516396
0.012349199481219797,0.016682690068275014,0.011443093313430555,50516603
0.012349199481219795,0.016682690068275018,0.011443093313430555,50516615
0.01406406534461604,0.020125822062720188,0.012610660663233639,50516638
0.013908188424974308,0.020125822062720188,0.01261066066323364,50516690
0.01390818842497431,0.020125822062720188,0.01261066066323364,50516738
0.01390818842497431,0.02012582206272019,0.012610660663233639,50516752
0.013908188424974308,0.020268736340373343,0.012686510369744376,50516787
0.01390818842497431,0.019767360312707233,0.01261066066323364,50516845
0.013908188424974308,0.019767360312707233,0.01261066066323364,50516906
0.013908188424974308,0.01976736031270723,0.01422994040821273,50516914
0.013908188424974308,0.019767360312707233,0.01422994040821273,50516928
0.013908188424974308,0.01976736031270723,0.01422994040821273,50516936
0.013908188424974308,0.019843210019217964,0.014229940408212727,50516952
0.013908188424974308,0.01970029574156481,0.01422994040821273,50516953
0.013908188424974308,0.019776145448075547,0.01422994040821273,50516970
0.013908188424974308,0.019776145448075544,0.01422994040821273,50516973
0.015085817820248593,0.021269881662418392,0.015025943629618661,50517013
0.015085817820248593,0.021269881662418392,0.015025943629618661,50517036
0.015085817820248593,0.021269881662418395,0.015025943629618661,50517043
0.015085817820248593,0.021269881662418392,0.015025943629618661,50517069
0.015507499015769418,0.021269881662418392,0.015101793336129396,50517074
0.016685128411043703,0.022620703599108085,0.015821946851024594,50517076
0.016760978117554438,0.02262070359910809,0.015821946851024594,50517092
0.016760978117554438,0.021273795541361593,0.015423365651714547,50517109
0.016760978117554434,0.020699629189924833,0.015289938553329142,50517121
0.016760978117554438,0.020699629189924833,0.015289938553329144,50517167
0.016760978117554438,0.020699629189924833,0.015289938553329144,50517168
0.016760978117554438,0.020699629189924833,0.015289938553329144,50517169
0.016760978117554434,0.020766693761067254,0.015289938553329142,50517186
0.016760978117554434,0.020766693761067254,0.015289938553329144,50517187
0.013241052595218666,0.016770945441958344,0.013032411883143198,50517188
0.013241052595218666,0.016770945441958344,0.012343537600603745,50517210
0.011679529392876156,0.016770945441958344,0.011600843041267194,50517331
0.011679529392876156,0.016770945441958344,0.011600843041267194,50517351
0.011679529392876156,0.016770945441958344,0.011600843041267194,50517353
0.011679529392876156,0.016770945441958344,0.011600843041267194,50517404
0.011679529392876156,0.016695095735447613,0.011600843041267194,50517517
0.011679529392876158,0.01669509573544761,0.01152499333475646,50517551
0.011679529392876156,0.01648843278109921,0.01152499333475646,50517614
0.011679529392876156,0.016488432781099207,0.01152499333475646,50517638
0.011679529392876156,0.016488432781099214,0.01152499333475646,50517642
0.011679529392876158,0.01648843278109921,0.01152499333475646,50517713
0.011679529392876156,0.015043394149618704,0.01112641213544641,50517749
0.011679529392876156,0.015043394149618704,0.011639039424239911,50517841
0.011679529392876156,0.015110458720761126,0.011639039424239911,50517957
0.011679529392876158,0.015110458720761126,0.011639039424239913,50518072
0.011679529392876156,0.015110458720761125,0.011639039424239911,50518074
0.011679529392876156,0.015110458720761125,0.011639039424239911,50518075
0.011679529392876156,0.015034609014250392,0.011639039424239911,50518081
0.011679529392876158,0.015034609014250392,0.011639039424239913,50518181
0.011679529392876156,0.013714359606309361,0.011240458224929861,50518185
0.011679529392876156,0.013583546358471695,0.011240458224929861,50518247
0.011679529392876156,0.013583546358471697,0.011240458224929861,50518295
0.010501899997601873,0.013519797681776453,0.01078441247612202,50518407
0.010501899997601873,0.013519797681776453,0.010784412476122017,50518446
0.010501899997601873,0.01372646063612485,0.010784412476122019,50518522
0.007682831608420057,0.01262967908073502,0.008768806137959478,50518589
0.007682831608420057,0.012204152759579642,0.008768806137959478,50518686
0.007682831608420057,0.012280002466090376,0.008768806137959478,50518714
0.007682831608420057,0.012486665420438775,0.008768806137959478,50518721
0.007682831608420057,0.01241081571392804,0.008768806137959478,50518754
0.007682831608420057,0.012617478668276439,0.008768806137959478,50518865
0.007682831608420057,0.012060148300782655,0.008562143183611079,50518897
0.0060731563482711885,0.012060148300782655,0.006837763404732664,50519033
0.0060731563482711885,0.012060148300782655,0.006913613111243398,50519072
0.0060731563482711885,0.01213599800729339,0.006913613111243399,50519091
0.0060731563482711885,0.01213599800729339,0.006913613111243397,50519149
0.0060731563482711885,0.011634621979627278,0.006913613111243399,50519169
0.006229033267912919,0.011634621979627276,0.006913613111243398,50519196
0.006229033267912919,0.012258172669516109,0.0071202760655917985,50519228
0.006229033267912919,0.012258172669516107,0.007120276065591797,50519272
0.006229033267912919,0.01275954869718222,0.0071202760655917985,50519284
0.0074066626631872036,0.01440759108502154,0.007916279286997731,50519304
0.0074066626631872036,0.014407591085021543,0.007916279286997731,50519313
0.0074066626631872036,0.014614254039369938,0.007840429580486996,50519398
0.008584292058461488,0.016731606749496954,0.008793646048053827,50519426
0.00858429205846149,0.016731606749496954,0.00865073177040067,50519431
0.008584292058461488,0.016731606749496957,0.008793646048053825,50519515
0.00791709894971275,0.014753195814368908,0.008453555995320022,50519516
0.00791709894971275,0.015643984037087753,0.008520620566462444,50519524
0.00791709894971275,0.015786898314740908,0.008596470272973177,50519556
0.0064213648050001695,0.012200852042642577,0.007428902923170097,50519605
0.00642136480500017,0.012645479512657598,0.007428902923170096,50519606
0.00642136480500017,0.013269030202546427,0.007635565877518497,50519622
0.00642136480500017,0.013269030202546427,0.007635565877518496,50519627
0.00642136480500017,0.013201965631404007,0.007559716171007762,50519693
0.00642136480500017,0.013201965631404008,0.007559716171007761,50519705
0.00642136480500017,0.013277815337914743,0.00755971617100776,50519763
0.00642136480500017,0.013353665044425478,0.005940436426028674,50519801
0.00642136480500017,0.013353665044425478,0.005940436426028674,50519805
0.00642136480500017,0.013496579322078633,0.006016286132539407,50519806
0.00642136480500017,0.0134207296155679,0.006016286132539407,50519826
0.00642136480500017,0.013420729615567898,0.006016286132539407,50519904
0.00642136480500017,0.013846255936723277,0.006016286132539407,50519911
0.006497214511510905,0.013846255936723275,0.006016286132539407,50519913
0.005319585116236621,0.012352519722380429,0.005220282911133474,50519931
0.005319585116236621,0.012495434000033582,0.005220282911133474,50519956
0.006497214511510905,0.012823686401014568,0.0056763286599413165,50519963
0.006497214511510905,0.012823686401014566,0.005676328659941317,50520063
0.006075533315990081,0.012966600678667721,0.005600478953430583,50520106
0.0048979039207157965,0.011472864464324873,0.004804475732024648,50520162
0.004822054214205062,0.011679527418673272,0.004880325438535383,50520166
0.004977931133846793,0.011679527418673272,0.004880325438535383,50520280
0.004977931133846793,0.011055976728784441,0.004673662484186983,50520281
0.005197062852530457,0.011055976728784441,0.005072243683497032,50520286
0.0063746922478047415,0.012704019116623763,0.0058682469049029665,50520379
0.0063746922478047415,0.012704019116623763,0.0058682469049029665,50520414
0.0063746922478047415,0.012561104838970607,0.005868246904902967,50520425
0.0063746922478047415,0.012561104838970607,0.0058682469049029665,50520446
0.005536384564258664,0.012174134336378751,0.004915030437336138,50520529
0.005536384564258664,0.012317048614031904,0.004915030437336138,50520534
0.005536384564258664,0.012317048614031904,0.004915030437336138,50520549
0.005536384564258664,0.012317048614031906,0.004915030437336138,50520581
0.005536384564258664,0.012317048614031906,0.004915030437336138,50520582
0.005536384564258664,0.012459962891685059,0.004915030437336138,50520623
0.005536384564258665,0.01245996289168506,0.004990880143846872,50520676
0.005536384564258664,0.012317048614031906,0.004990880143846872,50520683
0.005536384564258664,0.012317048614031906,0.004990880143846872,50520688
0.005536384564258664,0.012317048614031906,0.004990880143846872,50520707
0.005536384564258665,0.012317048614031906,0.004990880143846872,50520719
0.0062035776730074025,0.013514765655357495,0.005133794421500028,50520796
0.0062035776730074025,0.013514765655357495,0.005133794421500028,50520850
0.0062035776730074025,0.013514765655357495,0.004621167132706528,50520855
0.006203577673007403,0.01337185137770434,0.004621167132706528,50520905
0.0062035776730074025,0.01337185137770434,0.004621167132706528,50521027
0.0062035776730074025,0.01337185137770434,0.004621167132706528,50521030
0.0062035776730074025,0.013371851377704339,0.004621167132706528,50521049
0.006203577673007403,0.013447701084215075,0.004621167132706527,50521109
0.006203577673007403,0.013892328554230095,0.004621167132706527,50521179
0.006203577673007403,0.01381647884771936,0.004621167132706528,50521273
0.006203577673007403,0.013740629141208625,0.004621167132706527,50521307
0.006203577673007403,0.01388354341886178,0.004697016839217262,50521370
0.006203577673007403,0.013740629141208625,0.004697016839217262,50521416
0.006203577673007403,0.013740629141208625,0.0046970168392172626,50521428
0.006203577673007403,0.013533966186860225,0.004772866545727996,50521443
0.009119183141705815,0.016379416301839048,0.007018621335972699,50521452
0.009119183141705815,0.016303566595328313,0.007018621335972699,50521468
0.009119183141705815,0.016303566595328313,0.0070186213359727,50521506
0.009119183141705815,0.016096903640979914,0.007018621335972699,50521520
0.009119183141705815,0.01617275334749065,0.007018621335972699,50521587
0.009119183141705815,0.016698063158509725,0.007417202535282748,50521672
0.009119183141705815,0.016698063158509725,0.007417202535282748,50521696
0.009119183141705815,0.016698063158509725,0.007417202535282747,50521743
0.009119183141705815,0.016698063158509725,0.0073413528287720135,50521757
0.009119183141705815,0.01662221345199899,0.0073413528287720135,50521762
0.009119183141705815,0.01641555049765059,0.007341352828772014,50521768
0.009119183141705815,0.016415550497650592,0.007341352828772014,50521775
0.012776303086291102,0.021041801574258147,0.010326834869208972,50521791
0.012776303086291104,0.02062491383871772,0.010120171914860573,50521806
0.013953932481565387,0.022556677734941695,0.010916175136266507,50521841
0.013953932481565387,0.022055301707275585,0.010916175136266507,50521873
0.013197984281811929,0.020407259319436263,0.01040054451613332,50521967
0.013197984281811929,0.020483109025946997,0.010400544516133318,50521997
0.013197984281811929,0.0202764460715986,0.01040054451613332,50521999
0.012020354886537646,0.018234943067982318,0.009447328048566489,50522005
0.012621937096656974,0.021905327687258086,0.009653991002914888,50522047
0.012621937096656974,0.02190532768725808,0.009511076725261735,50522050
0.012621937096656974,0.02204824196491124,0.009511076725261733,50522081
0.012621937096656974,0.021157453742192394,0.009511076725261733,50522090
0.012621937096656974,0.02122120241888764,0.009435227018750998,50522216
0.012402805377973308,0.021427865373236033,0.009511076725261733,50522253
0.012402805377973308,0.020983237903221017,0.009511076725261733,50522265
0.012402805377973308,0.020917017580825967,0.009304413770913334,50522362
0.012402805377973308,0.020917017580825967,0.009304413770913334,50522363
0.012402805377973308,0.02157314063968271,0.009304413770913334,50522411
0.012402805377973308,0.021960111142274568,0.009304413770913334,50522458
0.012478655084484043,0.02188426143576383,0.009304413770913334,50522530
0.012478655084484043,0.0218084117292531,0.009304413770913334,50522559
0.012478655084484043,0.0218084117292531,0.009304413770913334,50522583
0.012478655084484043,0.021665497451599944,0.0092285640644026,50522591
0.012478655084484043,0.021665497451599944,0.0092285640644026,50522618
0.012478655084484043,0.021665497451599944,0.009371478342055754,50522629
0.012478655084484043,0.02116412142393383,0.009371478342055754,50522663
0.012402805377973308,0.02116412142393383,0.009371478342055754,50522673
0.01269523191944648,0.02116412142393383,0.00951439261970891,50522705
0.01269523191944648,0.021021207146280675,0.00951439261970891,50522731
0.011517602524172195,0.020768804451810428,0.009058346870901067,50522740
0.011517602524172195,0.020768804451810424,0.00920126114855422,50522744
0.012184795632920936,0.021671716854120917,0.009344175426207376,50522782
0.012184795632920934,0.02174756656063165,0.009344175426207376,50522936
0.012184795632920934,0.02154090360628325,0.009268325719696642,50522944
0.012028918713279206,0.02154090360628325,0.009268325719696643,50522958
0.012028918713279206,0.022637685161673082,0.009411239997349798,50522979
0.01180978699459554,0.02284434811602148,0.009012658798039749,50522989
0.010632157599321256,0.021196305728182162,0.008216655576633813,50523013
0.010632157599321256,0.02119630572818216,0.008216655576633815,50523046
0.010632157599321256,0.021196305728182162,0.008216655576633815,50523107
0.011178356086647022,0.02181985641807099,0.008615236775943865,50523185
0.011178356086647022,0.021819856418070993,0.008615236775943865,50523193
0.011178356086647022,0.021676942140417835,0.008615236775943865,50523285
0.011178356086647022,0.021752791846928573,0.008615236775943867,50523357
0.011178356086647022,0.021828641553439308,0.008615236775943867,50523401
0.011178356086647022,0.021828641553439308,0.008615236775943865,50523411
0.011178356086647022,0.02168572727578615,0.00875815105359702,50523413
0.01117835608664702,0.022883444317111742,0.008825215624739442,50523425
0.01117835608664702,0.022883444317111742,0.00882521562473944,50523489
0.01117835608664702,0.022883444317111742,0.00882521562473944,50523507
0.01117835608664702,0.02288344431711174,0.00882521562473944,50523542
0.01117835608664702,0.022883444317111742,0.008825215624739442,50523580
0.01051116297789828,0.021685727275786153,0.008682301347086283,50523597
0.01051116297789828,0.02230927796567498,0.008888964301434684,50523607
0.01051116297789828,0.022309277965674983,0.008888964301434685,50523628
0.01051116297789828,0.022309277965674983,0.008888964301434685,50523635
0.01051116297789828,0.022866608333168767,0.009095627255783084,50523636
0.010587012684409015,0.023367984360834877,0.009171476962293817,50523649
0.010587012684409015,0.02336798436083488,0.009171476962293819,50523674
0.010587012684409015,0.023292134654324146,0.009171476962293819,50523779
0.010587012684409015,0.022847507184309127,0.009171476962293819,50523801
0.012358844193633383,0.022847507184309123,0.010943308471518186,50523830
0.012358844193633383,0.02299042146196228,0.01101915817802892,50523836
0.012358844193633383,0.022847507184309127,0.010943308471518186,50523885
0.012358844193633383,0.022847507184309127,0.010943308471518186,50523891
0.012358844193633383,0.023738295407027966,0.011149971425866585,50523896
0.012358844193633383,0.02394495836137637,0.01107412171935585,50523952
0.011870446318817566,0.02239696330775586,0.010982527840130055,50523956
0.011870446318817566,0.0224728130142666,0.010982527840130055,50523995
0.011870446318817566,0.02239696330775586,0.010982527840130055,50524034
0.011870446318817566,0.02260362626210426,0.01105837754664079,50524071
0.011870446318817566,0.02252777655559353,0.01105837754664079,50524085
0.011870446318817566,0.021795803790226054,0.01065979634733074,50524131
0.011870446318817566,0.02187165349673679,0.010735646053841474,50524211
0.011870446318817566,0.021871653496736785,0.010735646053841474,50524285
0.011870446318817566,0.021871653496736785,0.010735646053841474,50524325
0.011870446318817566,0.021871653496736785,0.010735646053841474,50524353
0.011870446318817566,0.02187165349673679,0.010735646053841474,50524445
0.011870446318817566,0.021871653496736785,0.010735646053841474,50524477
0.008057449454590547,0.018239925854992862,0.007893078291057672,50524511
0.008276581173274213,0.018033262900644463,0.00789307829105767,50524519
0.0070989517779999275,0.016101499004420483,0.007097075069651737,50524601
0.0070989517779999275,0.016602875032086597,0.007097075069651738,50524612
0.006753120288989838,0.01667872473859733,0.006816702468378992,50524625
0.007299318776315603,0.01769965658747643,0.00738513654867505,50524635
0.007299318776315603,0.01769965658747643,0.00738513654867505,50524644
0.007299318776315603,0.017623806880965695,0.0073851365486750494,50524725
0.006697736566196272,0.013953422261689927,0.007178473594326651,50524728
0.006697736566196272,0.013953422261689928,0.007178473594326651,50524814
0.006697736566196272,0.013953422261689928,0.007178473594326651,50524830
0.006697736566196272,0.013953422261689928,0.007035559316673496,50524885
0.006697736566196273,0.013953422261689927,0.007035559316673495,50524928
0.006697736566196273,0.013822609013852263,0.00695970961016276,50524929
0.006697736566196273,0.013965523291505418,0.006959709610162761,50524930
0.006697736566196273,0.013408192924011634,0.007102623887815916,50525028
0.006697736566196273,0.013408192924011632,0.007102623887815916,50525035
0.006697736566196273,0.012752069865154893,0.007102623887815916,50525058
0.008093835680648039,0.01341092604252668,0.009256784798834822,50525111
0.008017985974137304,0.01341092604252668,0.009256784798834822,50525119
0.008017985974137304,0.01341092604252668,0.009256784798834822,50525137
0.008017985974137304,0.013410926042526682,0.009256784798834822,50525188
0.008017985974137304,0.013410926042526682,0.009256784798834822,50525228
0.008173862893779036,0.013553840320179837,0.009256784798834822,50525261
0.008173862893779036,0.013553840320179837,0.009189720227692402,50525268
0.008173862893779036,0.013553840320179839,0.009189720227692402,50525314
0.008173862893779036,0.013629690026690573,0.009189720227692402,50525327
0.007881436352305864,0.01401666052928243,0.00912265565654998,50525385
0.007881436352305864,0.014159574806935585,0.009122655656549981,50525413
0.007881436352305864,0.014707275790313681,0.009122655656549981,50525415
0.008100568070989527,0.014783125496824416,0.008979741378896823,50525476
0.007509224668751524,0.013737298816860772,0.008912676807754403,50525536
0.007509224668751524,0.013737298816860772,0.008912676807754403,50525538
0.0077283563874351886,0.014628087039579615,0.008988526514265138,50525600
0.007728356387435188,0.014628087039579615,0.008988526514265138,50525621
0.0077283563874351886,0.013607155190700519,0.008845612236611983,50525624
0.0077283563874351886,0.01340049223635212,0.008845612236611983,50525638
0.008449586580409021,0.014446318916315764,0.01006336909371212,50525640
0.008449586580409021,0.014446318916315764,0.01006336909371212,50525648
0.008449586580409021,0.014446318916315764,0.01006336909371212,50525660
0.007903388093083257,0.013822768226426932,0.00966478789440207,50525672
0.007903388093083255,0.013822768226426932,0.009740637600912806,50525707
0.007903388093083257,0.013822768226426932,0.009740637600912806,50525715
0.007903388093083257,0.013746918519916197,0.009740637600912806,50525719
